    0           0.86101700          -336.393124                    0 
    1           0.86020500          -336.393074             4.99e-05 
    2           0.85851000          -336.392966           0.00015848 
    3           0.85648500          -336.392815            0.0003094 
    4           0.85349300          -336.392613           0.00051139 
    5           0.84961700          -336.392357           0.00076703 
    6           0.84540300          -336.392057           0.00106683 
    7           0.84090100          -336.391730           0.00139457 
    8           0.83424000          -336.391332           0.00179227 
    9           0.82802000          -336.390911           0.00221313 
   10           0.82152800          -336.390504           0.00262026 
   11           0.81361000          -336.390056           0.00306825 
   12           0.80534100          -336.389580           0.00354372 
   13           0.79631400          -336.389132           0.00399192 
   14           0.78588900          -336.388657           0.00446739 
   15           0.77601600          -336.388260           0.00486394 
   16           0.76474300          -336.387833            0.0052908 
   17           0.75270700          -336.387479            0.0056455 
   18           0.74074000          -336.387183            0.0059411 
   19           0.72797500          -336.386937           0.00618677 
   20           0.71465300          -336.386788           0.00633591 
   21           0.70105900          -336.386720            0.0064046 
   22           0.68701900          -336.386778           0.00634597 
   23           0.67288300          -336.386945             0.006179 
   24           0.65848300          -336.387269           0.00585479 
   25           0.64417300          -336.387728           0.00539612 
   26           0.62976900          -336.388370           0.00475396 
   27           0.61571100          -336.389171           0.00395325 
   28           0.60601900          -336.390166           0.00295778 
   29           0.62460400          -336.391352           0.00177173 
   30           0.64327700          -336.392743           0.00038127 
   31           0.66192000          -336.394337          -0.00121306 
   32           0.68040100          -336.396137          -0.00301316 
   33           0.69864900          -336.398143          -0.00501921 
   34           0.71653700          -336.400354          -0.00722977 
   35           0.73398100          -336.402764          -0.00964017 
   36           0.75084900          -336.405371           -0.0122467 
   37           0.76707400          -336.408166            -0.015042 
   38           0.78253200          -336.411142            -0.018018 
   39           0.79712800          -336.414290           -0.0211657 
   40           0.81077200          -336.417600           -0.0244757 
   41           0.82335700          -336.421061           -0.0279366 
   42           0.83394600          -336.424661           -0.0315369 
   43           0.84469000          -336.428380           -0.0352554 
   44           0.85391400          -336.432232           -0.0391075 
   45           0.86130400          -336.436167           -0.0430424 
   46           0.86717700          -336.440196           -0.0470721 
   47           0.87145700          -336.444286            -0.051162 
   48           0.87390400          -336.448437           -0.0553131 
   49           0.87458200          -336.452622           -0.0594981 
   50           0.87326800          -336.456814           -0.0636902 
   51           0.86972900          -336.461021           -0.0678973 
   52           0.86414300          -336.465198           -0.0720734 
   53           0.85619300          -336.469341           -0.0762166 
   54           0.84584000          -336.473411           -0.0802873 
   55           0.83319600          -336.477412            -0.084288 
   56           0.81784500          -336.481303           -0.0881785 
   57           0.79997700          -336.485060           -0.0919356 
   58           0.77947900          -336.488684           -0.0955594 
   59           0.75640900          -336.492118           -0.0989939 
   60           0.73064000          -336.495378            -0.102253 
   61           0.70225800          -336.498402            -0.105278 
   62           0.67186200          -336.501205            -0.108081 
   63           0.63956100          -336.503755            -0.110631 
   64           0.60552600          -336.506045            -0.112921 
   65           0.57029000          -336.508056            -0.114932 
   66           0.53435700          -336.509788            -0.116664 
   67           0.49839800          -336.511232            -0.118107 
   68           0.46291600          -336.512401            -0.119277 
   69           0.42875300          -336.513295            -0.120171 
   70           0.39650300          -336.513938            -0.120814 
   71           0.36691800          -336.514341            -0.121217 
   72           0.34007900          -336.514536            -0.121412 
   73           0.32974300          -336.514539            -0.121415 
   74           0.33778800          -336.514379            -0.121255 
   75           0.34560300          -336.514074             -0.12095 
   76           0.35333600          -336.513649            -0.120525 
   77           0.36054600          -336.513118            -0.119994 
   78           0.36761800          -336.512491            -0.119367 
   79           0.37443100          -336.511785            -0.118661 
   80           0.38097300          -336.511009            -0.117885 
   81           0.38726400          -336.510174             -0.11705 
   82           0.39342100          -336.509286            -0.116162 
   83           0.39940700          -336.508349            -0.115225 
   84           0.40525800          -336.507370            -0.114246 
   85           0.41091100          -336.506355            -0.113231 
   86           0.41633300          -336.505309            -0.112185 
   87           0.42147500          -336.504239            -0.111115 
   88           0.42627400          -336.503152            -0.110028 
   89           0.43074200          -336.502055            -0.108931 
   90           0.43477300          -336.500959            -0.107835 
   91           0.43826100          -336.499873            -0.106749 
   92           0.44110000          -336.498809            -0.105685 
   93           0.44304800          -336.497781            -0.104657 
   94           0.44410400          -336.496808            -0.103683 
   95           0.44417700          -336.495907            -0.102782 
   96           0.44304400          -336.495103            -0.101979 
   97           0.44060300          -336.494427            -0.101303 
   98           0.43633700          -336.493914             -0.10079 
   99           0.43011400          -336.493605             -0.10048 
  100           0.42162300          -336.493548            -0.100424 
  101           0.41094800          -336.493796            -0.100672 
  102           0.39789400          -336.494403            -0.101279 
  103           0.38207400          -336.495433            -0.102309 
  104           0.36384400          -336.496943            -0.103819 
  105           0.34407200          -336.498952            -0.105828 
  106           0.32399900          -336.501442            -0.108318 
  107           0.30568600          -336.504305            -0.111181 
  108           0.29192700          -336.507379            -0.114254 
  109           0.30528800          -336.510421            -0.117297 
  110           0.32576700          -336.513275            -0.120151 
  111           0.33979600          -336.515752            -0.122628 
  112           0.34923200          -336.517731            -0.124607 
  113           0.35146100          -336.519148            -0.126024 
  114           0.34902800          -336.519990            -0.126866 
  115           0.35482800          -336.520238            -0.127114 
  116           0.37385500          -336.519914             -0.12679 
  117           0.38469400          -336.519029            -0.125905 
  118           0.39940300          -336.517625            -0.124501 
  119           0.40286400          -336.515768            -0.122644 
  120           0.41091900          -336.513499            -0.120374 
  121           0.40397900          -336.510992            -0.117868 
  122           0.40379500          -336.508279            -0.115155 
  123           0.38478900          -336.505742            -0.112618 
  124           0.37803100          -336.503417            -0.110292 
  125           0.35408600          -336.501769            -0.108645 
  126           0.34235800          -336.500564            -0.107439 
  127           0.32348300          -336.499787            -0.106663 
  128           0.30790000          -336.499278            -0.106154 
  129           0.29034400          -336.499047            -0.105923 
  130           0.27295300          -336.499107            -0.105983 
  131           0.25558300          -336.499443            -0.106319 
  132           0.26260700          -336.500039            -0.106915 
  133           0.28214400          -336.500861            -0.107736 
  134           0.29966400          -336.501866            -0.108742 
  135           0.31419800          -336.503017            -0.109892 
  136           0.32559700          -336.504264             -0.11114 
  137           0.33516400          -336.505605             -0.11248 
  138           0.34130500          -336.506961            -0.113837 
  139           0.34516600          -336.508337            -0.115213 
  140           0.34659300          -336.509713            -0.116589 
  141           0.34545300          -336.511071            -0.117947 
  142           0.34259200          -336.512334             -0.11921 
  143           0.33672400          -336.513568            -0.120444 
  144           0.32969900          -336.514702            -0.121578 
  145           0.32068400          -336.515729            -0.122605 
  146           0.30981500          -336.516667            -0.123543 
  147           0.29763900          -336.517480            -0.124356 
  148           0.28402000          -336.518180            -0.125056 
  149           0.26957300          -336.518756            -0.125632 
  150           0.25436100          -336.519190            -0.126066 
  151           0.23859300          -336.519493            -0.126369 
  152           0.22259300          -336.519687            -0.126563 
  153           0.20713500          -336.519757            -0.126633 
  154           0.19082600          -336.519718            -0.126594 
  155           0.19818700          -336.519591            -0.126467 
  156           0.20509600          -336.519377            -0.126253 
  157           0.21120000          -336.519095            -0.125971 
  158           0.21662400          -336.518752            -0.125628 
  159           0.22111900          -336.518369            -0.125245 
  160           0.22486000          -336.517952            -0.124828 
  161           0.22764700          -336.517520            -0.124396 
  162           0.22967000          -336.517077            -0.123953 
  163           0.23067700          -336.516640            -0.123516 
  164           0.23085700          -336.516215            -0.123091 
  165           0.22995400          -336.515820            -0.122696 
  166           0.22806900          -336.515460            -0.122336 
  167           0.22499300          -336.515156            -0.122032 
  168           0.22059800          -336.514913            -0.121789 
  169           0.21498900          -336.514759            -0.121634 
  170           0.20769100          -336.514688            -0.121564 
  171           0.20037100          -336.514730            -0.121606 
  172           0.19143600          -336.514839            -0.121715 
  173           0.18598600          -336.515013            -0.121889 
  174           0.17893500          -336.515191            -0.122067 
  175           0.17346100          -336.515373            -0.122249 
  176           0.16684800          -336.515617            -0.122493 
  177           0.16078300          -336.515883            -0.122759 
  178           0.15381200          -336.516199            -0.123075 
  179           0.14736900          -336.516516            -0.123392 
  180           0.14016200          -336.516876            -0.123752 
  181           0.13419500          -336.517276            -0.124151 
  182           0.13536100          -336.517674             -0.12455 
  183           0.14058800          -336.518100            -0.124975 
  184           0.14653200          -336.518539            -0.125415 
  185           0.15027800          -336.518926            -0.125801 
  186           0.15484500          -336.519339            -0.126215 
  187           0.15715700          -336.519698            -0.126574 
  188           0.15978500          -336.520022            -0.126898 
  189           0.16116800          -336.520357            -0.127233 
  190           0.16186100          -336.520598            -0.127474 
  191           0.16172100          -336.520852            -0.127728 
  192           0.16059900          -336.521011            -0.127887 
  193           0.15865900          -336.521133            -0.128009 
  194           0.15574300          -336.521202            -0.128078 
  195           0.15195600          -336.521220            -0.128095 
  196           0.14727400          -336.521184             -0.12806 
  197           0.14954000          -336.521094             -0.12797 
  198           0.15366900          -336.520952            -0.127827 
  199           0.15732100          -336.520756            -0.127632 
  200           0.16050000          -336.520514             -0.12739 
  201           0.16291500          -336.520222            -0.127098 
  202           0.16468300          -336.519891            -0.126767 
  203           0.16562200          -336.519520            -0.126396 
  204           0.16556900          -336.519123            -0.125999 
  205           0.16449500          -336.518703            -0.125579 
  206           0.16243100          -336.518277            -0.125153 
  207           0.15882100          -336.517862            -0.124737 
  208           0.15408400          -336.517471            -0.124346 
  209           0.14773600          -336.517122            -0.123997 
  210           0.14005400          -336.516845             -0.12372 
  211           0.13132800          -336.516657            -0.123533 
  212           0.12157000          -336.516573            -0.123449 
  213           0.11126400          -336.516598            -0.123474 
  214           0.11411500          -336.516722            -0.123598 
  215           0.12602700          -336.516934             -0.12381 
  216           0.13255900          -336.517200            -0.124076 
  217           0.14155600          -336.517526            -0.124402 
  218           0.14409700          -336.517836            -0.124712 
  219           0.14891900          -336.518207            -0.125083 
  220           0.14789700          -336.518521            -0.125397 
  221           0.15005300          -336.518849            -0.125724 
  222           0.14682600          -336.519130            -0.126006 
  223           0.14659600          -336.519411            -0.126287 
  224           0.14153500          -336.519656            -0.126532 
  225           0.13913600          -336.519871            -0.126747 
  226           0.13268500          -336.520055            -0.126931 
  227           0.12876500          -336.520203            -0.127079 
  228           0.12125000          -336.520318            -0.127194 
  229           0.11620700          -336.520398            -0.127274 
  230           0.10780500          -336.520449            -0.127325 
  231           0.10214100          -336.520467            -0.127343 
  232           0.10344000          -336.520461            -0.127337 
  233           0.10708000          -336.520428            -0.127304 
  234           0.11080200          -336.520377            -0.127253 
  235           0.11341800          -336.520306            -0.127182 
  236           0.11600300          -336.520227            -0.127103 
  237           0.11738700          -336.520137            -0.127013 
  238           0.11868300          -336.520046            -0.126922 
  239           0.11867400          -336.519956            -0.126832 
  240           0.11863300          -336.519874             -0.12675 
  241           0.11717100          -336.519805            -0.126681 
  242           0.11574900          -336.519751            -0.126626 
  243           0.11331900          -336.519706            -0.126582 
  244           0.11078200          -336.519696            -0.126572 
  245           0.10778500          -336.519721            -0.126597 
  246           0.10450000          -336.519715            -0.126591 
  247           0.10099400          -336.519777            -0.126653 
  248           0.09702300          -336.519806            -0.126682 
  249           0.09304100          -336.519894             -0.12677 
  250           0.08821800          -336.519982            -0.126858 
  251           0.08380700          -336.520069            -0.126945 
  252           0.07902600          -336.520198            -0.127073 
  253           0.07400800          -336.520334             -0.12721 
  254           0.07043600          -336.520453            -0.127329 
  255           0.07503200          -336.520619            -0.127495 
  256           0.07802500          -336.520774             -0.12765 
  257           0.08163500          -336.520922            -0.127798 
  258           0.08338000          -336.521068            -0.127944 
  259           0.08599500          -336.521199            -0.128075 
  260           0.08727600          -336.521364             -0.12824 
  261           0.08804700          -336.521445            -0.128321 
  262           0.08806800          -336.521584             -0.12846 
  263           0.08783300          -336.521655             -0.12853 
  264           0.08621500          -336.521673            -0.128549 
  265           0.08514000          -336.521738            -0.128614 
  266           0.08232000          -336.521747            -0.128623 
  267           0.07959800          -336.521774            -0.128649 
  268           0.07642300          -336.521725            -0.128601 
  269           0.07648700          -336.521679            -0.128555 
  270           0.07797300          -336.521588            -0.128464 
  271           0.08077100          -336.521522            -0.128398 
  272           0.08279700          -336.521417            -0.128292 
  273           0.08419500          -336.521289            -0.128164 
  274           0.08484900          -336.521170            -0.128046 
  275           0.08500400          -336.521009            -0.127885 
  276           0.08423300          -336.520876            -0.127752 
  277           0.08308400          -336.520711            -0.127586 
  278           0.08060500          -336.520585            -0.127461 
  279           0.07809100          -336.520443            -0.127319 
  280           0.07387100          -336.520351            -0.127227 
  281           0.07039700          -336.520266            -0.127142 
  282           0.06576400          -336.520228            -0.127104 
  283           0.06220300          -336.520205            -0.127081 
  284           0.05862100          -336.520227            -0.127102 
  285           0.05763900          -336.520221            -0.127097 
  286           0.06074900          -336.520250            -0.127126 
  287           0.06453000          -336.520278            -0.127154 
  288           0.06683600          -336.520333            -0.127208 
  289           0.06979800          -336.520387            -0.127263 
  290           0.07183800          -336.520426            -0.127301 
  291           0.07383400          -336.520475            -0.127351 
  292           0.07441600          -336.520546            -0.127422 
  293           0.07541900          -336.520602            -0.127478 
  294           0.07644200          -336.520671            -0.127547 
  295           0.07652300          -336.520741            -0.127617 
  296           0.07604000          -336.520830            -0.127706 
  297           0.07584700          -336.520878            -0.127754 
  298           0.07513600          -336.520919            -0.127795 
  299           0.07391200          -336.520995            -0.127871 
  300           0.07307800          -336.521021            -0.127897 
  301           0.07076800          -336.521099            -0.127975 
  302           0.06840800          -336.521125            -0.128001 
  303           0.06660300          -336.521160            -0.128035 
  304           0.06444600          -336.521179            -0.128055 
  305           0.06108600          -336.521241            -0.128117 
  306           0.05765800          -336.521248            -0.128124 
  307           0.05529900          -336.521246            -0.128122 
  308           0.05680600          -336.521255            -0.128131 
  309           0.05873400          -336.521254             -0.12813 
  310           0.06014500          -336.521254             -0.12813 
  311           0.06189100          -336.521260            -0.128136 
  312           0.06341200          -336.521235            -0.128111 
  313           0.06384600          -336.521270            -0.128146 
  314           0.06449000          -336.521242            -0.128118 
  315           0.06499200          -336.521226            -0.128102 
  316           0.06456300          -336.521237            -0.128113 
  317           0.06374100          -336.521240            -0.128116 
  318           0.06294700          -336.521238            -0.128114 
  319           0.06190100          -336.521228            -0.128104 
  320           0.06014500          -336.521255             -0.12813 
  321           0.05803100          -336.521267            -0.128143 
  322           0.05509700          -336.521309            -0.128185 
  323           0.05235100          -336.521331            -0.128207 
  324           0.04907000          -336.521391            -0.128267 
  325           0.04556500          -336.521438            -0.128314 
  326           0.04183800          -336.521517            -0.128393 
  327           0.04384800          -336.521558            -0.128434 
  328           0.04467600          -336.521636            -0.128512 
  329           0.04687900          -336.521677            -0.128553 
  330           0.04733300          -336.521729            -0.128605 
  331           0.04863100          -336.521786            -0.128662 
  332           0.04910100          -336.521831            -0.128707 
  333           0.05003700          -336.521891            -0.128767 
  334           0.04999500          -336.521915            -0.128791 
  335           0.05033200          -336.521961            -0.128837 
  336           0.04972000          -336.521974            -0.128849 
  337           0.04948800          -336.522010            -0.128886 
  338           0.04833700          -336.522010            -0.128886 
  339           0.04708200          -336.522002            -0.128878 
  340           0.04600800          -336.522024              -0.1289 
  341           0.04411600          -336.522016            -0.128891 
  342           0.04260700          -336.522021            -0.128897 
  343           0.04170100          -336.521999            -0.128875 
  344           0.04356000          -336.521981            -0.128857 
  345           0.04433400          -336.521950            -0.128826 
  346           0.04555100          -336.521906            -0.128782 
  347           0.04622100          -336.521878            -0.128753 
  348           0.04665200          -336.521814             -0.12869 
  349           0.04725600          -336.521788            -0.128664 
  350           0.04675000          -336.521719            -0.128595 
  351           0.04679100          -336.521688            -0.128564 
  352           0.04548300          -336.521602            -0.128478 
  353           0.04417000          -336.521553            -0.128429 
  354           0.04240100          -336.521495            -0.128371 
  355           0.04072700          -336.521468            -0.128344 
  356           0.03843300          -336.521427            -0.128303 
  357           0.03583400          -336.521414            -0.128289 
  358           0.03298300          -336.521390            -0.128266 
  359           0.03294800          -336.521401            -0.128277 
  360           0.03646200          -336.521401            -0.128277 
  361           0.03748600          -336.521421            -0.128296 
  362           0.03992500          -336.521444             -0.12832 
  363           0.04065700          -336.521446            -0.128322 
  364           0.04206300          -336.521465            -0.128341 
  365           0.04289100          -336.521471            -0.128346 
  366           0.04301900          -336.521526            -0.128402 
  367           0.04310600          -336.521539            -0.128415 
  368           0.04329900          -336.521552            -0.128428 
  369           0.04245500          -336.521591            -0.128467 
  370           0.04187600          -336.521629            -0.128504 
  371           0.04112200          -336.521642            -0.128518 
  372           0.03953800          -336.521668            -0.128544 
  373           0.03799600          -336.521670            -0.128546 
  374           0.03675400          -336.521680            -0.128556 
  375           0.03488000          -336.521704             -0.12858 
  376           0.03315700          -336.521711            -0.128587 
  377           0.03319800          -336.521714             -0.12859 
  378           0.03427800          -336.521729            -0.128605 
  379           0.03551300          -336.521731            -0.128607 
  380           0.03633000          -336.521743            -0.128619 
  381           0.03701200          -336.521747            -0.128622 
  382           0.03751700          -336.521754             -0.12863 
  383           0.03760200          -336.521762            -0.128638 
  384           0.03764900          -336.521766            -0.128642 
  385           0.03713200          -336.521780            -0.128656 
  386           0.03671400          -336.521786            -0.128661 
  387           0.03452900          -336.521814             -0.12869 
  388           0.03422000          -336.521833            -0.128709 
  389           0.03252100          -336.521852            -0.128728 
  390           0.02956500          -336.521892            -0.128768 
  391           0.02871100          -336.521910            -0.128786 
  392           0.02660800          -336.521925            -0.128801 
  393           0.02501500          -336.521961            -0.128837 
  394           0.02559000          -336.521999            -0.128874 
  395           0.02750800          -336.522012            -0.128888 
  396           0.02754000          -336.522037            -0.128912 
  397           0.02820400          -336.522056            -0.128932 
  398           0.02864600          -336.522080            -0.128956 
  399           0.02897900          -336.522090            -0.128965 
  400           0.02929600          -336.522097            -0.128973 
  401           0.02935500          -336.522118            -0.128994 
  402           0.02954400          -336.522142            -0.129018 
  403           0.02910100          -336.522136            -0.129012 
  404           0.02891600          -336.522152            -0.129028 
  405           0.02843100          -336.522156            -0.129032 
  406           0.02761900          -336.522147            -0.129023 
  407           0.02698000          -336.522153            -0.129029 
  408           0.02632700          -336.522165            -0.129041 
  409           0.02498100          -336.522155            -0.129031 
  410           0.02396200          -336.522151            -0.129027 
  411           0.02436500          -336.522139            -0.129015 
  412           0.02533800          -336.522127            -0.129003 
  413           0.02514900          -336.522097            -0.128972 
  414           0.02595200          -336.522098            -0.128974 
  415           0.02652900          -336.522080            -0.128956 
  416           0.02685900          -336.522054             -0.12893 
  417           0.02708900          -336.522042            -0.128918 
  418           0.02599600          -336.522004             -0.12888 
  419           0.02470500          -336.521952            -0.128827 
  420           0.02533700          -336.521958            -0.128833 
  421           0.02380200          -336.521939            -0.128815 
  422           0.02330800          -336.521941            -0.128817 
  423           0.02207500          -336.521907            -0.128783 
  424           0.02135900          -336.521897            -0.128773 
  425           0.01892900          -336.521874             -0.12875 
  426           0.01904600          -336.521883            -0.128759 
  427           0.02063100          -336.521869            -0.128745 
  428           0.02242500          -336.521841            -0.128717 
  429           0.02273200          -336.521871            -0.128747 
  430           0.02370800          -336.521878            -0.128754 
  431           0.02413000          -336.521872            -0.128747 
  432           0.02445900          -336.521894             -0.12877 
  433           0.02462400          -336.521896            -0.128772 
  434           0.02460700          -336.521925            -0.128801 
  435           0.02464200          -336.521916            -0.128792 
  436           0.02460400          -336.521912            -0.128788 
  437           0.02398100          -336.521927            -0.128803 
  438           0.02338000          -336.521958            -0.128834 
  439           0.02298100          -336.521946            -0.128822 
  440           0.02244700          -336.521942            -0.128818 
  441           0.02142400          -336.521963            -0.128838 
  442           0.02039500          -336.521980            -0.128856 
  443           0.01932300          -336.521983            -0.128859 
  444           0.01860800          -336.521997            -0.128873 
  445           0.02005100          -336.521988            -0.128864 
  446           0.02067800          -336.522000            -0.128876 
  447           0.02128700          -336.521999            -0.128875 
  448           0.02098100          -336.522016            -0.128892 
  449           0.02167300          -336.522018            -0.128893 
  450           0.02084900          -336.522043            -0.128919 
  451           0.02116300          -336.522028            -0.128904 
  452           0.02057000          -336.522057            -0.128933 
  453           0.02033000          -336.522078            -0.128954 
  454           0.02001000          -336.522076            -0.128951 
  455           0.01870900          -336.522088            -0.128964 
  456           0.01838500          -336.522089            -0.128965 
  457           0.01718200          -336.522105            -0.128981 
  458           0.01672700          -336.522115            -0.128991 
  459           0.01507400          -336.522143            -0.129019 
  460           0.01462700          -336.522136            -0.129012 
  461           0.01497800          -336.522160            -0.129036 
  462           0.01583600          -336.522156            -0.129032 
  463           0.01637500          -336.522184             -0.12906 
  464           0.01675600          -336.522172            -0.129048 
  465           0.01717200          -336.522201            -0.129077 
  466           0.01737700          -336.522193            -0.129069 
  467           0.01755200          -336.522217            -0.129093 
  468           0.01742300          -336.522201            -0.129077 
  469           0.01742900          -336.522226            -0.129102 
  470           0.01712400          -336.522211            -0.129087 
  471           0.01691000          -336.522233            -0.129109 
  472           0.01627600          -336.522209            -0.129085 
  473           0.01589900          -336.522232            -0.129108 
  474           0.01505300          -336.522207            -0.129083 
  475           0.01449700          -336.522226            -0.129102 
  476           0.01339600          -336.522194             -0.12907 
  477           0.01489200          -336.522212            -0.129088 
  478           0.01415500          -336.522180            -0.129055 
  479           0.01542900          -336.522194             -0.12907 
  480           0.01460300          -336.522160            -0.129036 
  481           0.01551200          -336.522172            -0.129047 
  482           0.01467600          -336.522140            -0.129016 
  483           0.01513500          -336.522149            -0.129024 
  484           0.01424700          -336.522120            -0.128996 
  485           0.01423800          -336.522127            -0.129003 
  486           0.01326100          -336.522102            -0.128978 
  487           0.01283700          -336.522109            -0.128985 
  488           0.01177400          -336.522087            -0.128963 
  489           0.01143100          -336.522096            -0.128972 
  490           0.01233400          -336.522077            -0.128953 
  491           0.01324000          -336.522088            -0.128964 
  492           0.01385900          -336.522074             -0.12895 
  493           0.01447600          -336.522087            -0.128963 
  494           0.01468100          -336.522077            -0.128953 
  495           0.01491400          -336.522091            -0.128967 
  496           0.01489400          -336.522082            -0.128958 
  497           0.01492700          -336.522096            -0.128972 
  498           0.01480300          -336.522088            -0.128964 
  499           0.01463600          -336.522106            -0.128982 
  500           0.01443300          -336.522096            -0.128972 
  501           0.01408500          -336.522115            -0.128991 
  502           0.01378400          -336.522104             -0.12898 
  503           0.01327600          -336.522125               -0.129 
  504           0.01288400          -336.522113            -0.128989 
  505           0.01224100          -336.522133            -0.129009 
  506           0.01173600          -336.522122            -0.128998 
  507           0.01142700          -336.522142            -0.129018 
  508           0.01225200          -336.522132            -0.129008 
  509           0.01206400          -336.522151            -0.129027 
  510           0.01270500          -336.522142            -0.129018 
  511           0.01247900          -336.522160            -0.129036 
  512           0.01285400          -336.522153            -0.129029 
  513           0.01259000          -336.522169            -0.129045 
  514           0.01272900          -336.522164             -0.12904 
  515           0.01238200          -336.522179            -0.129054 
  516           0.01230100          -336.522173            -0.129048 
  517           0.01179200          -336.522190            -0.129066 
  518           0.01138000          -336.522189            -0.129065 
  519           0.01072400          -336.522206            -0.129082 
  520           0.01029900          -336.522201            -0.129077 
  521           0.00947800          -336.522222            -0.129098 
  522           0.00938400          -336.522220            -0.129096 
  523           0.00997500          -336.522239            -0.129115 
  524           0.01032900          -336.522232            -0.129108 
  525           0.01082300          -336.522252            -0.129128 
  526           0.01100300          -336.522247            -0.129123 
  527           0.01129300          -336.522263            -0.129139 
  528           0.01118100          -336.522253            -0.129129 
  529           0.01130500          -336.522268            -0.129144 
  530           0.01098100          -336.522257            -0.129133 
  531           0.01088600          -336.522270            -0.129145 
  532           0.01042400          -336.522255             -0.12913 
  533           0.01022200          -336.522268            -0.129143 
  534           0.00976200          -336.522254             -0.12913 
  535           0.00944000          -336.522264             -0.12914 
  536           0.00893500          -336.522249            -0.129125 
  537           0.00891300          -336.522258            -0.129134 
  538           0.00885600          -336.522244             -0.12912 
  539           0.00933000          -336.522250            -0.129126 
  540           0.00925100          -336.522237            -0.129113 
  541           0.00954700          -336.522240            -0.129116 
  542           0.00944800          -336.522229            -0.129105 
  543           0.00953800          -336.522230            -0.129106 
  544           0.00937800          -336.522219            -0.129095 
  545           0.00928500          -336.522220            -0.129096 
  546           0.00900900          -336.522209            -0.129084 
  547           0.00876500          -336.522210            -0.129085 
  548           0.00831900          -336.522197            -0.129073 
  549           0.00796900          -336.522198            -0.129074 
  550           0.00740400          -336.522186            -0.129062 
  551           0.00738500          -336.522190            -0.129066 
  552           0.00786000          -336.522179            -0.129055 
  553           0.00830800          -336.522185            -0.129061 
  554           0.00867100          -336.522175             -0.12905 
  555           0.00897400          -336.522182            -0.129058 
  556           0.00918000          -336.522174             -0.12905 
  557           0.00931100          -336.522183            -0.129059 
  558           0.00937700          -336.522175            -0.129051 
  559           0.00935100          -336.522186            -0.129062 
  560           0.00931700          -336.522179            -0.129055 
  561           0.00916300          -336.522191            -0.129067 
  562           0.00904700          -336.522183            -0.129059 
  563           0.00879000          -336.522197            -0.129073 
  564           0.00859100          -336.522188            -0.129064 
  565           0.00825600          -336.522202            -0.129078 
  566           0.00797800          -336.522194             -0.12907 
  567           0.00758900          -336.522208            -0.129084 
  568           0.00752600          -336.522200            -0.129076 
  569           0.00740700          -336.522214             -0.12909 
  570           0.00790200          -336.522207            -0.129083 
  571           0.00775600          -336.522220            -0.129096 
  572           0.00810900          -336.522214             -0.12909 
  573           0.00792800          -336.522226            -0.129101 
  574           0.00810700          -336.522222            -0.129098 
  575           0.00787800          -336.522232            -0.129108 
  576           0.00789600          -336.522229            -0.129105 
  577           0.00761700          -336.522239            -0.129115 
  578           0.00747100          -336.522237            -0.129113 
  579           0.00709000          -336.522248            -0.129124 
  580           0.00679500          -336.522247            -0.129123 
  581           0.00635900          -336.522258            -0.129134 
  582           0.00601800          -336.522256            -0.129132 
  583           0.00638200          -336.522267            -0.129143 
  584           0.00660800          -336.522265            -0.129141 
  585           0.00688100          -336.522274             -0.12915 
  586           0.00695200          -336.522271            -0.129147 
  587           0.00710800          -336.522279            -0.129155 
  588           0.00711800          -336.522275            -0.129151 
  589           0.00720300          -336.522283            -0.129159 
  590           0.00716900          -336.522278            -0.129154 
  591           0.00718800          -336.522286            -0.129161 
  592           0.00708800          -336.522279            -0.129155 
  593           0.00703700          -336.522287            -0.129162 
  594           0.00686500          -336.522279            -0.129155 
  595           0.00674700          -336.522286            -0.129162 
  596           0.00651000          -336.522277            -0.129153 
  597           0.00633000          -336.522284             -0.12916 
  598           0.00603700          -336.522275             -0.12915 
  599           0.00580500          -336.522281            -0.129157 
  600           0.00552900          -336.522271            -0.129146 
  601           0.00595100          -336.522277            -0.129152 
  602           0.00578800          -336.522266            -0.129142 
  603           0.00613600          -336.522271            -0.129147 
  604           0.00593600          -336.522260            -0.129136 
  605           0.00617100          -336.522264             -0.12914 
  606           0.00593600          -336.522254             -0.12913 
  607           0.00603800          -336.522257            -0.129133 
  608           0.00576700          -336.522248            -0.129124 
  609           0.00572700          -336.522250            -0.129126 
  610           0.00541700          -336.522242            -0.129118 
  611           0.00525900          -336.522244             -0.12912 
  612           0.00491700          -336.522236            -0.129112 
  613           0.00484500          -336.522238            -0.129114 
  614           0.00510800          -336.522231            -0.129107 
  615           0.00539900          -336.522234             -0.12911 
  616           0.00560600          -336.522228            -0.129104 
  617           0.00580900          -336.522232            -0.129108 
  618           0.00592900          -336.522227            -0.129103 
  619           0.00603000          -336.522231            -0.129107 
  620           0.00607900          -336.522227            -0.129103 
  621           0.00609100          -336.522232            -0.129108 
  622           0.00609200          -336.522228            -0.129104 
  623           0.00602900          -336.522234             -0.12911 
  624           0.00597900          -336.522230            -0.129106 
  625           0.00585100          -336.522237            -0.129113 
  626           0.00575100          -336.522232            -0.129108 
  627           0.00556800          -336.522240            -0.129116 
  628           0.00542300          -336.522235            -0.129111 
  629           0.00519700          -336.522244             -0.12912 
  630           0.00501300          -336.522239            -0.129115 
  631           0.00476100          -336.522248            -0.129123 
  632           0.00507100          -336.522243            -0.129119 
  633           0.00496900          -336.522252            -0.129127 
  634           0.00524200          -336.522247            -0.129123 
  635           0.00511000          -336.522256            -0.129132 
  636           0.00529700          -336.522252            -0.129128 
  637           0.00513200          -336.522260            -0.129136 
  638           0.00521800          -336.522258            -0.129133 
  639           0.00501800          -336.522265            -0.129141 
  640           0.00500200          -336.522263            -0.129139 
  641           0.00476400          -336.522270            -0.129146 
  642           0.00465100          -336.522268            -0.129144 
  643           0.00437300          -336.522275            -0.129151 
  644           0.00418400          -336.522274             -0.12915 
  645           0.00415000          -336.522281            -0.129157 
  646           0.00433400          -336.522280            -0.129155 
  647           0.00451900          -336.522286            -0.129162 
  648           0.00463100          -336.522284             -0.12916 
  649           0.00474700          -336.522289            -0.129165 
  650           0.00478000          -336.522287            -0.129163 
  651           0.00483900          -336.522292            -0.129168 
  652           0.00482900          -336.522289            -0.129165 
  653           0.00484600          -336.522293            -0.129169 
  654           0.00479500          -336.522289            -0.129165 
  655           0.00476700          -336.522294             -0.12917 
  656           0.00467000          -336.522289            -0.129165 
  657           0.00459900          -336.522293            -0.129169 
  658           0.00446000          -336.522288            -0.129164 
  659           0.00434800          -336.522292            -0.129168 
  660           0.00417300          -336.522286            -0.129162 
  661           0.00402800          -336.522290            -0.129166 
  662           0.00382800          -336.522283            -0.129159 
  663           0.00389500          -336.522287            -0.129163 
  664           0.00381000          -336.522280            -0.129156 
  665           0.00403600          -336.522284             -0.12916 
  666           0.00392000          -336.522277            -0.129153 
  667           0.00408500          -336.522280            -0.129156 
  668           0.00394100          -336.522273            -0.129149 
  669           0.00402700          -336.522275            -0.129151 
  670           0.00385700          -336.522269            -0.129145 
  671           0.00385800          -336.522271            -0.129147 
  672           0.00366000          -336.522266            -0.129141 
  673           0.00358300          -336.522267            -0.129143 
  674           0.00336600          -336.522262            -0.129138 
  675           0.00326300          -336.522263            -0.129139 
  676           0.00341100          -336.522258            -0.129134 
  677           0.00360300          -336.522260            -0.129136 
  678           0.00372700          -336.522256            -0.129132 
  679           0.00386500          -336.522258            -0.129134 
  680           0.00394300          -336.522254             -0.12913 
  681           0.00401400          -336.522257            -0.129133 
  682           0.00405600          -336.522254             -0.12913 
  683           0.00407600          -336.522257            -0.129133 
  684           0.00408900          -336.522254             -0.12913 
  685           0.00406200          -336.522258            -0.129134 
  686           0.00404400          -336.522255            -0.129131 
  687           0.00397500          -336.522259            -0.129135 
  688           0.00392400          -336.522256            -0.129132 
  689           0.00381800          -336.522261            -0.129137 
  690           0.00373800          -336.522258            -0.129134 
  691           0.00360200          -336.522263            -0.129139 
  692           0.00349600          -336.522260            -0.129136 
  693           0.00334100          -336.522266            -0.129142 
  694           0.00333800          -336.522263            -0.129138 
  695           0.00327100          -336.522268            -0.129144 
  696           0.00346200          -336.522265            -0.129141 
  697           0.00337000          -336.522271            -0.129147 
  698           0.00351300          -336.522269            -0.129145 
  699           0.00340000          -336.522274             -0.12915 
  700           0.00348300          -336.522272            -0.129148 
  701           0.00334900          -336.522277            -0.129153 
  702           0.00336500          -336.522276            -0.129152 
  703           0.00320800          -336.522280            -0.129156 
  704           0.00315900          -336.522279            -0.129155 
  705           0.00298200          -336.522284             -0.12916 
  706           0.00287700          -336.522283            -0.129159 
  707           0.00280900          -336.522287            -0.129163 
  708           0.00293100          -336.522286            -0.129162 
  709           0.00304100          -336.522290            -0.129166 
  710           0.00313100          -336.522289            -0.129165 
